entities = [ {
name = "Entity"
id = "1939382839"
static = 0
position = [ 0, 0, 0 ]
rotation = [ 0, 0, 0, 1 ]
scale = [ 1, 1, 1 ]
colliders = [  ]
lights = [  ]
particles = [ {
lifetime = 2.200000047683716
size = 0.06700000166893005
follow = 0
emissionRate = 23.799999237060547
spawnShape = Point
spawnOffset = [ 0, 0, 0 ]
gravity = 0
drag = 0.03099999949336052
startVelocity = [ 0, 0.6000000238418579, 0 ]
radialVelocity = 0
startRotation = 0
rotationSpeed = 0
applyEntityVelocity = 1
applyCentrifugalForce = 1
color = [ 1, 1, 1, 1 ]
additive = 0
emissiveIntensity = 0
lightInfluence = 1
randomVelocity = [ 2.8350000381469727, 1.3179999589920044, 0 ]
randomRotation = 1
randomRotationSpeed = 0.7330383062362671
randomLifetime = 1
velocityNoise = 0
sizeAnim = [ 0, 0.34700000286102295, 0.5 ]
colorAnim0 = [ 0.915057897567749, 0.915057897567749, 0.915057897567749, 0.5 ]
colorAnim1 = [ 0.7837837934494019, 0.7837837934494019, 0.7837837934494019, 0.25 ]
colorAnim2 = [ 0.8610038757324219, 0.8610038757324219, 0.8610038757324219, 0 ]
} ]
} ]
selectedEntity = "1939382839"