entities = [ {
name = "Entity"
id = "3298342874"
static = 0
position = [ 0, 0, 0 ]
rotation = [ 0, 0, 0, 1 ]
scale = [ 1, 1, 1 ]
model = "cart_engine.gltf"
colliders = [  ]
lights = [  ]
particles = [ {
lifetime = 0.30000001192092896
size = 0.10000000149011612
follow = 1
emissionRate = 129.60000610351562
spawnShape = Circle
spawnOffset = [ 0, 0.42500001192092896, 0.6549999713897705 ]
spawnRadius = 0.18000000715255737
gravity = 0
drag = 0
startVelocity = [ 0, 0, 5.440000057220459 ]
radialVelocity = 0
startRotation = 0
rotationSpeed = 0
applyEntityVelocity = 0
applyCentrifugalForce = 0
color = [ 1, 1, 1, 1 ]
additive = 1
emissiveIntensity = 0.20000000298023224
lightInfluence = 1
randomVelocity = [ 0.4000000059604645, 0.4000000059604645, 0 ]
randomRotation = 1
randomRotationSpeed = 7.417649745941162
randomLifetime = 0.7059999704360962
velocityNoise = 0
sizeAnim = [ 0.032999999821186066, 0.1889999955892563, 0.013000000268220901 ]
colorAnim0 = [ 0, 0.035676341503858566, 0.23100000619888306, 1 ]
colorAnim1 = [ 0.44015443325042725, 0, 0, 1 ]
colorAnim2 = [ 0.6949806809425354, 0.6278976202011108, 0, 1 ]
} ]
} ]
selectedEntity = "3298342874"