entities = [ {
name = "Entity"
id = "3286860138"
static = 0
position = [ 0, 0, 0 ]
rotation = [ 0, 0, 0, 1 ]
scale = [ 1, 1, 1 ]
colliders = [  ]
lights = [  ]
particles = [ {
name = "Particles"
lifetime = 0.5600000023841858
size = 0.03700000047683716
follow = 0
emissionRate = 1000
spawnShape = Line
spawnOffset = [ 0, 0, 0 ]
spawnRadius = 0.18000000715255737
lineEnd = [ 2, 0, 0 ]
gravity = -2.259999990463257
drag = 0
startVelocity = [ 0, 0, 0 ]
radialVelocity = 0
startRotation = 0
rotationSpeed = 0
applyEntityVelocity = 0
applyCentrifugalForce = 0
color = [ 1, 1, 1, 1 ]
additive = 0
emissiveIntensity = 0
randomVelocity = [ 0, 0, 0 ]
randomRotation = 1.5099999904632568
randomRotationSpeed = 3.0019664764404297
randomLifetime = 0.5580000281333923
velocityNoise = 0
colorAnimStart = [ 1, 0.8852580785751343, 0.3088803291320801, 1 ]
colorAnimEnd = [ 1, 0.7440407872200012, 0.22007721662521362, 0 ]
} ]
} ]
selectedEntity = "3286860138"