entities = [ {
name = "Entity"
id = "860599565"
static = 0
position = [ 0, 0, 0 ]
rotation = [ 0, 0, 0, 1 ]
scale = [ 1, 1, 1 ]
colliders = [  ]
lights = [  ]
particles = [ {
name = "Particles"
lifetime = 0.5400000214576721
size = 0.10000000149011612
follow = 0
emissionRate = 0
spawnShape = Point
spawnOffset = [ 0, 0, 0 ]
gravity = -10
drag = 0.00800000037997961
startVelocity = [ 0, 2, 0 ]
radialVelocity = 9.199999809265137
startRotation = 0
rotationSpeed = 0
applyEntityVelocity = 0
applyCentrifugalForce = 0
color = [ 1, 1, 1, 1 ]
additive = 0
emissiveIntensity = 0
randomVelocity = [ 2.2939999103546143, 0.7850000262260437, 0 ]
randomRotation = 0
randomRotationSpeed = 0
randomLifetime = 0
velocityNoise = 0
colorAnimStart = [ 1, 1, 1, 0.5 ]
colorAnimEnd = [ 1, 1, 1, 0 ]
bursts = [ {
time = 0
count = 65
duration = 0.13600000739097595
} ]
} ]
} ]
selectedEntity = "860599565"