flags = [ 1615716108, 777027450 ]
highscores = [ {
score = 29649
floor = 7
time = 784.3091430664062
kills = 74
items0 = [ 2542914161, 0 ]
items1 = [ 0, 0, 2299240343, 0 ]
items2 = [ 423144263, 2556857735, 1114098898, 652567291, 1067816680, 43293776 ]
}, {
score = 24065
floor = 7
time = 534.223876953125
kills = 49
items0 = [ 2542914161, 0 ]
items1 = [ 2280768876, 2697664425, 264852785, 0 ]
items2 = [ 423144263, 1822875697, 1342412571, 1596944642, 3806673885 ]
}, {
score = 24065
floor = 7
time = 534.223876953125
kills = 49
items0 = [ 2542914161, 0 ]
items1 = [ 2280768876, 2697664425, 264852785, 0 ]
items2 = [ 423144263, 1822875697, 1342412571, 1596944642, 3806673885 ]
}, {
score = 27961
floor = 7
time = 793.8595581054688
kills = 88
items0 = [ 1899663660, 0 ]
items1 = [ 4291685451, 2280768876, 9494313, 0 ]
items2 = [ 201450235, 1114098898, 1596944642, 288066461 ]
} ]
quests = [  ]