entities = [ {
name = "Entity"
id = "3518733490"
static = 0
position = [ 0, 0, 0 ]
rotation = [ 0, 0, 0, 1 ]
scale = [ 1, 1, 1 ]
colliders = [  ]
lights = [  ]
particles = [ {
lifetime = 0.7200000286102295
size = 0.10000000149011612
follow = 0
emissionRate = 0
spawnShape = Point
spawnOffset = [ 0, 0, 0 ]
gravity = 0
drag = 0.019999999552965164
startVelocity = [ 0, 0, 0 ]
radialVelocity = 0.2199999988079071
startRotation = 0
rotationSpeed = 0
applyEntityVelocity = 0
applyCentrifugalForce = 0
color = [ 0.3474903702735901, 0.3474903702735901, 0.3474903702735901, 1 ]
additive = 0
emissiveIntensity = 0
lightInfluence = 1
randomVelocity = [ 4.289999961853027, 0, 0 ]
randomRotation = 0
randomRotationSpeed = 0
randomLifetime = 0.4259999990463257
velocityNoise = 0.14399999380111694
colorAnim0 = [ 0.5328185558319092, 0.5328185558319092, 0.5328185558319092, 0.5 ]
colorAnim1 = [ 0.5250965356826782, 0.5250965356826782, 0.5250965356826782, 0.21799999475479126 ]
colorAnim2 = [ 1, 1, 1, 0 ]
bursts = [ {
time = 0
count = 21
duration = 0
} ]
}, {
lifetime = 1
size = 0.10000000149011612
follow = 0
emissionRate = 0
spawnShape = Point
spawnOffset = [ 0, 0, 0 ]
gravity = 0
drag = 0.029999999329447746
startVelocity = [ 0, 0, 0 ]
radialVelocity = -0.11999999731779099
startRotation = 0
rotationSpeed = 0
applyEntityVelocity = 1
applyCentrifugalForce = 0
color = [ 1, 1, 1, 1 ]
additive = 0
emissiveIntensity = 0
lightInfluence = 1
randomVelocity = [ 0, 0, 0 ]
randomRotation = 0
randomRotationSpeed = 0
randomLifetime = 1
velocityNoise = 0.16200000047683716
colorAnim0 = [ 0.3861004114151001, 0.3861004114151001, 0.3861004114151001, 0.5 ]
colorAnim1 = [ 0.5945945978164673, 0.5945945978164673, 0.5945945978164673, 0.2409999966621399 ]
colorAnim2 = [ 0.6100386381149292, 0.6100386381149292, 0.6100386381149292, 0 ]
bursts = [ {
time = 0
count = 11
duration = 0.32600000500679016
} ]
} ]
} ]
selectedEntity = "3518733490"