entities = [ {
name = "Entity"
id = "2744434886"
static = 0
position = [ 0, 0, 0 ]
rotation = [ 0, 0, 0, 1 ]
scale = [ 1, 1, 1 ]
colliders = [  ]
lights = [  ]
particles = [ {
lifetime = 0.7799999713897705
size = 0.800000011920929
follow = 0
emissionRate = 134
spawnShape = Circle
spawnOffset = [ 0, 0, 0 ]
spawnRadius = 0.05000000074505806
gravity = -3.5
drag = 0.008999999612569809
startVelocity = [ 0, -24.18000030517578, 0 ]
radialVelocity = 0
startRotation = 0
rotationSpeed = 0
applyEntityVelocity = 0
applyCentrifugalForce = 0
textureAtlas = "jetpack_particle.png"
atlasSize = [ 7, 1 ]
numFrames = 7
randomFrame = 0
linearFiltering = 0
color = [ 1, 1, 1, 1 ]
additive = 1
emissiveIntensity = 1
lightInfluence = 1
randomVelocity = [ 6, 3.2090001106262207, 0 ]
randomRotation = 1
randomRotationSpeed = 4.415683269500732
randomLifetime = 1
velocityNoise = 1.0479999780654907
sizeAnim = [ 1.2000000476837158, 1.600000023841858, 0.800000011920929 ]
colorAnim0 = [ 0, 0.8957529067993164, 1, 1 ]
colorAnim1 = [ 0.2692268490791321, 0, 0.49806952476501465, 1 ]
colorAnim2 = [ 0.23371745645999908, 0, 0.4517374634742737, 0 ]
} ]
} ]
selectedEntity = "2744434886"