entities = [ {
name = "Entity"
id = "2038928562"
static = 0
position = [ 0, 0, 0 ]
rotation = [ 0, 0, 0, 1 ]
scale = [ 1, 1, 1 ]
colliders = [  ]
lights = [  ]
particles = [ {
name = "Particles"
lifetime = 4.619999885559082
size = 0.10000000149011612
follow = 0
emissionRate = 0
spawnShape = Sphere
spawnOffset = [ 0, 0, 0 ]
spawnRadius = 0.20000000298023224
gravity = -0.8399999737739563
drag = 0.017000000923871994
startVelocity = [ 0, 1.5399999618530273, 0 ]
radialVelocity = 10.279999732971191
startRotation = 0
rotationSpeed = 0
applyEntityVelocity = 0
applyCentrifugalForce = 0
color = [ 1, 1, 1, 1 ]
additive = 1
emissiveIntensity = 0
randomVelocity = [ 1.9359999895095825, 0.7400000095367432, 0 ]
randomRotation = 0
randomRotationSpeed = 8.237954139709473
randomLifetime = 0
velocityNoise = 0.3240000009536743
colorAnimStart = [ 0.9803921580314636, 0.5882353186607361, 0.2078431397676468, 1 ]
colorAnimEnd = [ 0.9803921580314636, 0.5882353186607361, 0.20784315466880798, 0 ]
bursts = [ {
time = 0
count = 15
duration = 0
} ]
} ]
} ]
selectedEntity = "2038928562"