highscores = [ {
score = 18488
floor = 7
time = 343.8991394042969
kills = 24
items0 = [ 4272246506, 1751301209 ]
items1 = [ 2697664425, 0, 0, 0 ]
items2 = [ 2869925122, 1803332362, 652567291, 1596944642, 288066461 ]
}, {
score = 18488
floor = 7
time = 343.8991394042969
kills = 24
items0 = [ 4272246506, 1751301209 ]
items1 = [ 2697664425, 0, 0, 0 ]
items2 = [ 2869925122, 1803332362, 652567291, 1596944642, 288066461 ]
}, {
score = 12939
floor = 7
time = 51.28465270996094
kills = 3
items0 = [ 310952021, 0 ]
items1 = [ 0, 0, 0, 0 ]
items2 = [ 3558058911 ]
}, {
score = 18488
floor = 7
time = 343.8991394042969
kills = 24
items0 = [ 4272246506, 1751301209 ]
items1 = [ 2697664425, 0, 0, 0 ]
items2 = [ 2869925122, 1803332362, 652567291, 1596944642, 288066461 ]
} ]