flags = [ 1615716108 ]
highscores = [ {
score = 15906
floor = 5
time = 397.3126220703125
kills = 45
items0 = [ 982051173, 0 ]
items1 = [ 2280768876, 0, 0, 0 ]
items2 = [ 1505714389, 1342412571, 1891459112, 2556857735, 3806673885 ]
}, {
score = 14045
floor = 5
time = 369.4679260253906
kills = 38
items0 = [ 7563864, 1751301209 ]
items1 = [ 2542799033, 0, 0, 0 ]
items2 = [ 1505714389, 2556857735, 1067816680 ]
}, {
score = 0
floor = -1
time = -1
kills = 0
items0 = [ 0, 0 ]
items1 = [ 0, 0, 0, 0, 0 ]
items2 = [ 0, 0, 0, 0 ]
}, {
score = 15758
floor = 4
time = 265.2574768066406
kills = 50
items0 = [ 310045746, 0 ]
items1 = [ 9494313, 2280768876, 1831698911, 0 ]
items2 = [ 1505714389, 1596944642, 288066461 ]
} ]