flags = [ 1615716108, 777027450 ]
highscores = [ {
score = 10635
floor = 4
time = 204.0680694580078
kills = 29
items0 = [ 3031709030, 3945930507 ]
items1 = [ 0, 699441919, 264852785, 2697664425 ]
items2 = [ 4129433735 ]
}, {
score = 10635
floor = 4
time = 204.0680694580078
kills = 29
items0 = [ 3031709030, 3945930507 ]
items1 = [ 0, 699441919, 264852785, 2697664425 ]
items2 = [ 4129433735 ]
}, {
score = 0
floor = -1
time = -1
kills = 0
items0 = [ 0, 0 ]
items1 = [ 0, 0, 0, 0, 0 ]
items2 = [ 0, 0, 0, 0 ]
}, {
score = 10635
floor = 4
time = 204.0680694580078
kills = 29
items0 = [ 3031709030, 3945930507 ]
items1 = [ 0, 699441919, 264852785, 2697664425 ]
items2 = [ 4129433735 ]
} ]
quests = [  ]