flags = [ 1615716108 ]
highscores = [ {
score = 8605
floor = 3
time = 227.48387145996094
kills = 23
items0 = [ 2342756199, 578258513 ]
items1 = [ 2542799033, 0, 0, 0 ]
items2 = [ 423144263, 3192142994, 2042786842 ]
}, {
score = 8605
floor = 3
time = 227.48387145996094
kills = 23
items0 = [ 2342756199, 578258513 ]
items1 = [ 2542799033, 0, 0, 0 ]
items2 = [ 423144263, 3192142994, 2042786842 ]
}, {
score = 0
floor = -1
time = -1
kills = 0
items0 = [ 0, 0 ]
items1 = [ 0, 0, 0, 0, 0 ]
items2 = [ 0, 0, 0, 0 ]
}, {
score = 8605
floor = 3
time = 227.48387145996094
kills = 23
items0 = [ 2342756199, 578258513 ]
items1 = [ 2542799033, 0, 0, 0 ]
items2 = [ 423144263, 3192142994, 2042786842 ]
} ]