flags = [ 1615716108, 777027450 ]
highscores = [ {
score = 28460
floor = 7
time = 550.3578491210938
kills = 69
items0 = [ 434441832, 0 ]
items1 = [ 293433267, 556032926, 9971065, 2975214418, 0, 0, 0, 0 ]
items2 = [ 288066461, 1596944642, 2354488455, 1505714389, 2556857735, 652567291, 4129433735, 1686648792, 2654262244, 652567291 ]
}, {
score = 28460
floor = 7
time = 550.3578491210938
kills = 69
items0 = [ 434441832, 0 ]
items1 = [ 293433267, 556032926, 9971065, 2975214418, 0, 0, 0, 0 ]
items2 = [ 288066461, 1596944642, 2354488455, 1505714389, 2556857735, 652567291, 4129433735, 1686648792, 2654262244, 652567291 ]
}, {
score = 21213
floor = 7
time = 375.876220703125
kills = 36
items0 = [ 3461862532, 0 ]
items1 = [ 2697664425, 264852785, 2237357611, 293433267 ]
items2 = [ 288066461, 1596944642, 1505714389, 2654262244 ]
}, {
score = 28460
floor = 7
time = 550.3578491210938
kills = 69
items0 = [ 434441832, 0 ]
items1 = [ 293433267, 556032926, 9971065, 2975214418, 0, 0, 0, 0 ]
items2 = [ 288066461, 1596944642, 2354488455, 1505714389, 2556857735, 652567291, 4129433735, 1686648792, 2654262244, 652567291 ]
} ]
quests = [  ]