flags = [ 1615716108 ]
highscores = [ {
score = 9280
floor = 4
time = 186.65719604492188
kills = 20
items0 = [ 3066057946, 1751301209 ]
items1 = [ 9971065, 2280768876, 2299240343, 0 ]
items2 = [ 835927601, 3806673885 ]
}, {
score = 5275
floor = 4
time = 60.77504348754883
kills = 5
items0 = [ 434441832, 0 ]
items1 = [ 2280768876, 0, 0, 0 ]
items2 = [ 1596944642 ]
}, {
score = 0
floor = -1
time = -1
kills = 0
items0 = [ 0, 0 ]
items1 = [ 0, 0, 0, 0, 0 ]
items2 = [ 0, 0, 0, 0 ]
}, {
score = 8066
floor = 1
time = 214.64419555664062
kills = 29
items0 = [ 7563864, 1751301209 ]
items1 = [ 0, 0, 0, 0 ]
items2 = [ 3524807770, 3558058911, 3005358350 ]
} ]