flags = [ 1615716108, 777027450 ]
highscores = [ {
score = 16433
floor = 3
time = 357.18798828125
kills = 58
items0 = [ 3958476775, 0 ]
items1 = [ 24881526, 2304527406, 4291685451, 0 ]
items2 = [ 1505714389, 1596944642 ]
}, {
score = 7116
floor = 4
time = 118.24735260009766
kills = 12
items0 = [ 4185186517, 0 ]
items1 = [ 1895116430, 0, 0, 0 ]
items2 = [ 1114098898 ]
}, {
score = 0
floor = -1
time = -1
kills = 0
items0 = [ 0, 0 ]
items1 = [ 0, 0, 0, 0, 0 ]
items2 = [ 0, 0, 0, 0 ]
}, {
score = 16433
floor = 3
time = 357.18798828125
kills = 58
items0 = [ 3958476775, 0 ]
items1 = [ 24881526, 2304527406, 4291685451, 0 ]
items2 = [ 1505714389, 1596944642 ]
} ]
quests = [  ]