flags = [ 1615716108 ]
highscores = [ {
score = 23774
floor = 7
time = 377.8099365234375
kills = 49
items0 = [ 1654547919, 0 ]
items1 = [ 236159009, 0, 0, 0, 0, 0, 0, 0 ]
items2 = [ 2869925122, 1803332362, 652567291, 2354488455, 3806673885 ]
}, {
score = 23774
floor = 7
time = 377.8099365234375
kills = 49
items0 = [ 1654547919, 0 ]
items1 = [ 236159009, 0, 0, 0, 0, 0, 0, 0 ]
items2 = [ 2869925122, 1803332362, 652567291, 2354488455, 3806673885 ]
}, {
score = 23774
floor = 7
time = 377.8099365234375
kills = 49
items0 = [ 1654547919, 0 ]
items1 = [ 236159009, 0, 0, 0, 0, 0, 0, 0 ]
items2 = [ 2869925122, 1803332362, 652567291, 2354488455, 3806673885 ]
}, {
score = 23774
floor = 7
time = 377.8099365234375
kills = 49
items0 = [ 1654547919, 0 ]
items1 = [ 236159009, 0, 0, 0, 0, 0, 0, 0 ]
items2 = [ 2869925122, 1803332362, 652567291, 2354488455, 3806673885 ]
} ]