flags = [ 1615716108, 952437344, 471866501, 777027450, 219332589, 417135138, 3124495028 ]
runs_finished = 36
highscores = [ {
score = 17558
floor = 7
time = 312.9800720214844
kills = 23
items0 = [ 3899099103, 0 ]
items1 = [ 2697664425, 0, 0, 0 ]
items2 = [ 3617301589, 3088213583, 1502132035, 652567291 ]
}, {
score = 16997
floor = 7
time = 199.71859741210938
kills = 44
items0 = [ 3461862532, 0 ]
items1 = [ 2697664425, 9971065, 4291685451, 0 ]
items2 = [ 1596944642, 1505714389 ]
}, {
score = 15357
floor = 7
time = 88.94357299804688
kills = 14
items0 = [ 9458868, 0 ]
items1 = [ 293433267, 0, 0, 0 ]
items2 = [  ]
}, {
score = 16997
floor = 7
time = 199.71859741210938
kills = 44
items0 = [ 3461862532, 0 ]
items1 = [ 2697664425, 9971065, 4291685451, 0 ]
items2 = [ 1596944642, 1505714389 ]
} ]
quests = [  ]