flags = [ 1615716108, 777027450, 952437344, 219332589, 417135138, 1461520035, 491191575 ]
runs_finished = 63
highscores = [ {
score = 23310
floor = 7
time = 563.831787109375
kills = 44
items0 = [ 979336668, 1751301209 ]
items1 = [ 9494313, 0, 0, 0 ]
items2 = [ 4072227666, 3088213583, 1505714389, 4129433735 ]
}, {
score = 7064
floor = 7
time = 16.638933181762695
kills = 0
items0 = [ 7563864, 0 ]
items1 = [ 0, 0, 0, 0 ]
items2 = [ 1596944642, 1505714389 ]
}, {
score = 12505
floor = 7
time = 55.411319732666016
kills = 1
items0 = [ 1122534893, 0 ]
items1 = [ 3434180765, 0, 0, 0 ]
items2 = [  ]
}, {
score = 17455
floor = 0
time = 185.30776977539062
kills = 82
items0 = [ 7563864, 0 ]
items1 = [ 0, 0, 0, 0 ]
items2 = [ 1596944642, 1505714389, 835927601 ]
} ]
quests = [ {
npc = rat_npc
name = cheese_quest
state = Collected
snake_kills = 20
} ]