flags = [ 777027450, 3295548887, 1615716108, 1461520035, 952437344, 491191575, 219332589, 417135138, 3124495028, 273510894 ]
runs_finished = 38
highscores = [ {
score = 28650
floor = 6
time = 1060.561767578125
kills = 90
items0 = [ 1899663660, 0 ]
items1 = [ 2697664425, 0, 0, 0 ]
items2 = [ 2556857735, 435986570, 1686648792, 1596944642, 43293776 ]
}, {
score = 9483
floor = 7
time = 88.5000991821289
kills = 10
items0 = [ 3066057946, 0 ]
items1 = [ 0, 0, 0, 0 ]
items2 = [  ]
}, {
score = 19321
floor = 7
time = 231.83328247070312
kills = 31
items0 = [ 3461862532, 0 ]
items1 = [ 0, 0, 0, 0 ]
items2 = [ 1596944642, 652567291, 652567291, 652567291, 652567291, 652567291, 652567291, 652567291, 652567291, 652567291, 2654262244, 2654262244, 1803332362, 1803332362, 1803332362, 1505714389, 2654262244, 652567291, 855031142 ]
}, {
score = 28650
floor = 6
time = 1060.561767578125
kills = 90
items0 = [ 1899663660, 0 ]
items1 = [ 2697664425, 0, 0, 0 ]
items2 = [ 2556857735, 435986570, 1686648792, 1596944642, 43293776 ]
} ]
quests = [ {
npc = rat_npc
name = cheese_quest
state = Collected
snake_kills = 26
} ]