entities = [ {
name = "Entity"
id = "3518733490"
static = 0
position = [ 0, 0, 0 ]
rotation = [ 0, 0, 0, 1 ]
scale = [ 1, 1, 1 ]
colliders = [  ]
lights = [  ]
particles = [ {
name = "Particles"
lifetime = 0.3199999928474426
size = 1.600000023841858
follow = 0
emissionRate = 0
spawnShape = Point
spawnOffset = [ 0, 0, 0 ]
gravity = 0
drag = 0.01899999938905239
startVelocity = [ 0, 0, 0 ]
radialVelocity = 20
startRotation = 0
rotationSpeed = 0
applyEntityVelocity = 0
applyCentrifugalForce = 0
textureAtlas = "..\sprites\explosion.png"
atlasSize = [ 1, 1 ]
numFrames = 1
linearFiltering = 0
color = [ 1, 1, 1, 1 ]
additive = 1
emissiveIntensity = 0
randomVelocity = [ 0, 0, 0 ]
randomRotation = 1
randomRotationSpeed = 3.7000980377197266
randomLifetime = 0.11599999666213989
velocityNoise = 0
sizeAnim = [ 0.10000000149011612, 3.200000047683716 ]
colorAnimStart = [ 1, 1, 1, 1 ]
colorAnimEnd = [ 1, 1, 1, 0 ]
bursts = [ {
time = 0
count = 12
duration = 0.0560000017285347
} ]
}, {
name = "Particles1"
lifetime = 1.7000000476837158
size = 0.10000000149011612
follow = 0
emissionRate = 0
spawnShape = Point
spawnOffset = [ 0, 0, 0 ]
gravity = 1.8600000143051147
drag = 0.019999999552965164
startVelocity = [ 0, 0, 0 ]
radialVelocity = 20
startRotation = 0
rotationSpeed = 0
applyEntityVelocity = 0
applyCentrifugalForce = 0
color = [ 0.3474903702735901, 0.3474903702735901, 0.3474903702735901, 1 ]
additive = 0
emissiveIntensity = 0
randomVelocity = [ 0, 0, 0 ]
randomRotation = 0
randomRotationSpeed = 0
randomLifetime = 0.4259999990463257
velocityNoise = 0.14399999380111694
colorAnimStart = [ 0.9803921580314636, 0.5882353186607361, 0.2078431397676468, 1 ]
colorAnimEnd = [ 0.9803921580314636, 0.5882353186607361, 0.20784315466880798, 0 ]
bursts = [ {
time = 0
count = 21
duration = 0
} ]
} ]
} ]
selectedEntity = "3518733490"