entities = [ {
name = "Entity"
id = "2917180464"
static = 0
position = [ 0, 0, 0 ]
rotation = [ 0, 0, 0, 1 ]
scale = [ 1, 1, 1 ]
colliders = [  ]
lights = [  ]
particles = [ {
name = "Particles"
lifetime = 1.9800000190734863
size = 0.10000000149011612
follow = 0
emissionRate = 0
spawnShape = Line
spawnOffset = [ -0.20000000298023224, 0, 0 ]
spawnRadius = 0
lineEnd = [ 0.4000000059604645, 0, 0 ]
gravity = 0
drag = 0
startVelocity = [ 0.6200000047683716, 0.30000001192092896, 0 ]
radialVelocity = 0
startRotation = 0
rotationSpeed = 0
applyEntityVelocity = 0
applyCentrifugalForce = 0
color = [ 1, 1, 1, 1 ]
additive = 0
emissiveIntensity = 0
randomVelocity = [ 0.2750000059604645, 0.2630000114440918, 0 ]
randomRotation = 0
randomRotationSpeed = 0
randomLifetime = 0.6079999804496765
velocityNoise = 0.1120000034570694
colorAnimStart = [ 1, 1, 1, 1 ]
colorAnimEnd = [ 1, 1, 1, 0 ]
bursts = [ {
time = 0
count = 12
duration = 0.36399999260902405
} ]
} ]
} ]
selectedEntity = "2917180464"