entities = [ {
name = "Entity"
id = "3284824213"
static = 0
position = [ 0, 0, 0 ]
rotation = [ 0, 0, 0, 1 ]
scale = [ 1, 1, 1 ]
colliders = [  ]
lights = [  ]
particles = [ {
name = "Particles"
lifetime = 4.400000095367432
size = 0.10000000149011612
follow = 0
emissionRate = 0.800000011920929
spawnShape = Sphere
spawnOffset = [ 0, 0, 0 ]
spawnRadius = 0.20000000298023224
gravity = 0
drag = 0
startVelocity = [ 0, 0.3400000035762787, 0 ]
radialVelocity = 0
startRotation = 0
rotationSpeed = 0
applyEntityVelocity = 0
applyCentrifugalForce = 0
color = [ 1, 0.5791505575180054, 0, 1 ]
additive = 1
emissiveIntensity = 1
randomVelocity = [ 0, 0, 0 ]
randomRotation = 0
randomRotationSpeed = 0
randomLifetime = 0.515999972820282
velocityNoise = 0.17599999904632568
colorAnimStart = [ 1, 0.6023165583610535, 0, 1 ]
colorAnimEnd = [ 1, 0.9266408681869507, 0, 0 ]
} ]
} ]
selectedEntity = "3284824213"